20170120 0
20170120 2
20170120 0
20170120 2
20170120 2
20170120 0
20170120 0
20170120 0
20170120 0
20170120 2
20170120 0
20170121 0
20170121 0
20170122 0
20170122 2
20170122 0
20170122 2
20170123 0
20170124 0
20170124 0
20170124 0
20170124 0
20170125 0
20170125 0
20170125 2
20170125 0
20170125 2
20170125 0
20170125 0
20170125 2
20170126 0
20170126 2
20170126 0
20170126 2
20170126 2
20170126 0
20170126 2
20170126 2
20170126 0
20170126 0
20170127 0
20170127 2
20170127 0
20170127 0
20170127 2
20170127 0
20170127 0
20170128 0
20170128 2
20170128 2
20170128 2
20170128 0
20170129 0
20170129 2
20170129 0
20170129 2
20170129 2
20170129 2
20170129 0
20170130 2
20170130 0
20170130 0
20170130 2
20170130 2
20170130 2
20170130 2
20170131 2
20170131 0
20170131 0
20170201 0
20170201 2
20170201 0
20170201 2
20170202 0
20170202 2
20170202 2
20170202 0
20170202 0
20170202 2
20170202 2
20170202 0
20170203 2
20170203 2
20170203 0
20170203 0
20170203 0
20170203 2
20170203 0
20170204 0
20170204 0
20170204 2
20170204 0
20170204 2
20170204 0
20170204 2
20170204 2
20170204 2
20170205 0
20170205 0
20170205 2
20170205 0
20170205 0
20170205 0
20170206 0
20170206 2
20170206 0
20170206 0
20170206 0
20170206 0
20170207 2
20170207 2
20170207 0
20170207 0
20170207 0
20170208 0
20170208 2
20170208 2
20170208 0
20170208 0
20170208 2
20170208 0
20170208 0
20170208 0
20170208 2
20170208 2
20170209 0
20170209 2
20170209 0
20170209 0
20170209 0
20170209 0
20170209 0
20170209 0
20170210 0
20170210 0
20170210 0
20170211 0
20170211 0
20170211 0
20170211 0
20170211 0
20170211 0
20170211 0
20170211 0
20170211 0
20170212 2
20170212 0
20170212 2
20170212 2
20170212 2
20170212 2
20170212 0
20170212 0
20170213 0
20170213 0
20170213 0
20170214 0
20170214 2
20170214 2
20170214 2
20170214 2
20170214 2
20170215 0
20170215 2
20170215 2
20170215 2
20170215 2
20170215 0
20170215 0
20170215 0
20170215 0
20170215 2
20170215 2
20170216 0
20170216 2
20170216 0
20170216 0
20170216 0
20170216 2
20170217 0
20170217 0
20170217 0
20170217 2
20170217 2
20170217 0
20170217 0
20170217 2
20170218 0
20170218 2
20170218 0
20170218 0
20170219 2
20170220 0
20170220 0
20170220 0
20170220 2
20170221 0
20170221 2
20170221 2
20170222 2
20170222 0
20170223 2
20170224 0
20170224 0
20170224 2
20170224 2
20170224 0
20170224 2
20170225 0
20170225 0
20170225 2
20170225 0
20170225 2
20170225 0
20170225 0
20170226 0
20170226 0
20170226 2
20170226 2
20170227 0
20170227 0
20170228 0
20170301 2
20170301 0
20170301 0
20170302 2
20170303 2
20170303 2
20170303 2
20170303 0
20170303 0
20170303 2
20170303 2
20170303 0
20170303 2
20170303 0
20170303 2
20170303 2
20170303 0
20170304 2
20170304 0
20170304 2
20170304 0
20170304 0
20170304 0
20170304 2
20170305 2
20170305 2
20170305 0
20170306 0
20170306 0
20170306 0
20170306 0
20170307 0
20170307 0
20170307 2
20170307 0
20170307 0
20170307 2
20170307 0
20170307 0
20170308 0
20170308 2
20170308 0
20170308 2
20170308 0
20170308 0
20170309 0
20170309 2
20170309 0
20170310 2
20170311 0
20170313 0
20170313 0
20170313 2
20170313 0
20170313 2
20170314 0
20170314 0
20170315 2
20170315 2
20170315 0
20170315 0
20170315 0
20170315 0
20170315 0
20170316 0
20170316 0
20170316 2
20170316 2
20170316 0
20170316 0
20170317 0
20170317 0
20170317 2
20170317 0
20170318 0
20170318 0
20170319 2
20170320 2
20170320 0
20170320 0
20170320 2
20170320 2
20170320 0
20170320 0
20170321 0
20170321 0
20170321 2
20170321 0
20170322 0
20170323 2
20170323 0
20170323 2
20170323 0
20170323 0
20170324 0
20170324 0
20170324 0
20170324 0
20170325 2
20170325 0
20170325 2
20170325 0
20170326 0
20170327 0
20170328 2
20170328 2
20170328 0
20170328 0
20170328 0
20170328 0
20170328 0
20170328 0
20170328 0
20170328 2
20170329 0
20170329 0
20170329 2
20170329 2
20170330 0
20170330 0
20170330 2
20170330 2
20170330 0
20170330 0
20170330 2
20170330 0
20170330 2
20170331 0
20170331 2
20170331 2
20170331 0
20170331 2
20170331 0
20170331 0
20170331 0
20170401 2
20170401 2
20170401 2
20170401 2
20170401 2
20170401 2
20170401 0
20170402 0
20170402 0
20170402 0
20170403 2
20170403 2
20170403 2
20170403 0
20170403 2
20170403 0
20170403 0
20170403 0
20170404 2
20170404 0
20170404 0
20170405 2
20170406 0
20170406 2
20170408 2
20170408 2
20170408 0
20170408 0
20170408 0
20170409 0
20170409 2
20170410 0
20170410 0
20170410 0
20170411 2
20170411 0
20170411 0
20170411 0
20170412 0
20170412 0
20170412 0
20170412 0
20170412 2
20170412 0
20170413 0
20170413 0
20170413 0
20170413 0
20170414 0
20170416 2
20170416 0
20170416 2
20170416 0
20170416 0
20170417 0
20170417 0
20170417 0
20170417 2
20170417 0
20170417 0
20170417 0
20170418 0
20170418 2
20170418 0
20170418 2
20170418 0
20170418 2
20170418 2
20170419 0
20170419 0
20170419 0
20170419 0
20170420 0
20170420 0
20170420 0
20170420 0
20170421 0
20170421 0
20170421 2
20170421 0
20170422 2
20170422 2
20170422 0
20170422 0
20170422 2
20170422 0
20170422 0
20170423 2
20170423 2
20170423 0
20170423 2
20170423 0
20170423 0
20170423 2
20170424 0
20170424 0
20170424 0
20170424 2
20170424 0
20170424 0
20170424 2
20170425 0
20170425 0
20170425 2
20170425 2
20170425 2
20170426 2
20170426 0
20170426 2
20170426 0
20170426 0
20170426 0
20170426 0
20170426 0
20170426 0
20170427 0
20170427 0
20170427 2
20170427 2
20170427 0
20170427 2
20170427 2
20170427 2
20170427 2
20170427 0
20170427 0
20170427 2
20170428 0
20170428 0
20170428 0
20170429 0
20170429 0
20170429 0
20170430 0
20170430 0
20170430 2
20170430 2
20170430 2
20170501 0
20170501 2
20170502 0
20170502 2
20170502 0
20170502 0
20170503 0
20170503 2
20170503 2
20170503 0
20170504 2
20170504 0
20170504 2
20170504 2
20170504 0
20170504 0
20170504 0
20170504 0
20170504 0
20170505 0
20170505 2
20170505 0
20170505 0
20170505 0
20170505 0
20170505 0
20170505 0
20170505 2
20170505 0
20170506 0
20170507 1
20170507 2
20170507 0
20170507 0
20170508 0
20170508 2
20170508 2
20170508 2
20170508 0
20170508 2
20170508 0
20170508 2
20170508 2
20170509 0
20170509 0
20170510 2
20170510 2
20170510 0
20170510 0
20170510 0
20170510 2
20170510 2
20170510 2
20170510 2
20170511 2
20170511 2
20170511 2
20170511 0
20170511 0
20170511 0
20170512 0
20170512 0
20170512 0
20170512 0
20170512 0
20170512 2
20170512 0
20170512 2
20170512 0
20170513 2
20170513 0
20170513 0
20170513 0
20170514 0
20170515 2
20170516 2
20170516 2
20170516 2
20170516 0
20170516 2
20170516 0
20170517 0
20170518 0
20170518 0
20170518 0
20170518 0
20170519 2
20170519 0
20170519 2
20170520 0
20170520 2
20170521 2
20170521 0
20170522 2
20170523 2
20170523 0
20170523 0
20170523 2
20170524 2
20170524 0
20170525 2
20170525 0
20170525 2
20170526 2
20170526 0
20170526 2
20170526 0
20170527 0
20170527 2
20170527 0
20170527 0
20170527 0
20170527 2
20170527 0
20170528 2
20170528 0
20170528 0
20170528 0
20170528 2
20170528 2
20170528 0
20170528 2
20170528 0
20170528 2
20170528 0
20170528 0
20170529 2
20170529 0
20170529 0
20170529 0
20170529 0
20170529 0
20170530 2
20170530 2
20170530 0
20170531 2
20170531 0
20170531 2
20170531 0
20170531 0
20170531 2
20170531 0
20170531 2
20170531 0
20170601 2
20170601 0
20170601 2
20170601 2
20170601 2
20170602 0
20170602 0
20170603 0
20170603 0
20170603 0
20170604 2
20170604 0
20170604 2
20170605 0
20170605 2
20170605 0
20170605 0
20170605 0
20170605 0
20170605 0
20170605 2
20170606 2
20170606 0
20170606 2
20170606 2
20170606 2
20170606 2
20170606 0
20170606 2
20170607 2
20170607 2
20170607 2
20170607 2
20170607 0
20170609 0
20170609 0
20170609 0
20170609 0
20170609 2
20170609 0
20170610 0
20170610 0
20170611 0
20170611 0
20170611 0
20170611 2
20170612 0
20170612 0
20170612 0
20170612 2
20170612 0
20170612 0
20170613 0
20170613 0
20170613 2
20170613 0
20170613 2
20170613 0
20170613 2
20170613 0
20170613 0
20170614 0
20170614 2
20170614 0
20170615 0
20170615 2
20170615 0
20170615 2
20170615 2
20170615 0
20170615 2
20170616 0
20170616 0
20170616 0
20170616 0
20170616 0
20170616 2
20170616 2
20170617 0
20170617 0
20170618 0
20170618 0
20170618 0
20170618 0
20170619 2
20170619 0
20170619 2
20170619 2
20170619 0
20170619 2
20170619 0
20170619 2
20170619 0
20170619 0
20170619 0
20170620 2
20170620 2
20170620 0
20170620 2
20170620 2
20170621 0
20170621 0
20170621 2
20170621 0
20170621 0
20170621 0
20170621 0
20170621 0
20170621 0
20170622 0
20170622 2
20170622 2
20170622 0
20170622 2
20170622 0
20170622 2
20170622 2
20170622 2
20170622 2
20170622 0
20170622 0
20170622 0
20170623 0
20170623 0
20170623 2
20170623 0
20170623 0
20170624 2
20170624 2
20170624 2
20170624 2
20170624 0
20170624 0
20170625 0
20170625 0
20170626 2
20170626 1
20170626 2
20170626 2
20170626 0
20170626 0
20170626 0
20170627 2
20170627 0
20170627 2
20170627 2
20170627 2
20170627 2
20170627 0
20170628 2
20170628 2
20170628 0
20170628 0
20170628 0
20170628 0
20170628 2
20170628 0
20170629 2
20170629 0
20170629 0
20170629 0
20170629 2
20170629 0
20170629 2
20170629 2
20170629 2
20170629 0
20170629 2
20170629 0
20170629 2
20170630 0
20170630 0
20170630 0
20170630 2
20170630 2
20170630 0
20170630 0
20170701 0
20170701 2
20170701 2
20170701 0
20170701 2
20170701 2
20170701 0
20170701 2
20170701 0
20170701 0
20170701 0
20170702 0
20170702 0
20170702 0
20170702 0
20170703 0
20170703 0
20170703 0
20170703 0
20170703 0
20170703 0
20170703 0
20170703 0
20170703 0
20170704 2
20170704 2
20170704 0
20170704 0
20170704 0
20170705 0
20170705 0
20170705 2
20170705 0
20170705 0
20170706 0
20170706 2
20170706 0
20170706 2
20170707 0
20170707 0
20170707 0
20170707 0
20170707 0
20170707 2
20170707 0
20170708 0
20170708 0
20170708 2
20170708 0
20170709 0
20170709 0
20170709 2
20170709 0
20170709 2
20170709 2
20170709 2
20170709 2
20170709 0
20170709 0
20170709 0
20170710 2
20170710 0
20170710 0
20170710 0
20170710 0
20170711 2
20170711 0
20170711 0
20170711 0
20170712 0
20170712 0
20170712 2
20170712 2
20170712 2
20170712 0
20170712 0
20170712 0
20170712 0
20170712 0
20170712 0
20170712 2
20170713 2
20170713 2
20170713 0
20170713 0
20170714 2
20170714 0
20170714 0
20170714 0
20170714 0
20170714 0
20170714 2
20170714 2
20170714 2
20170714 0
20170714 0
20170715 0
20170715 0
20170715 0
20170715 0
20170715 0
20170715 2
20170715 0
20170715 0
20170716 0
20170716 2
20170716 0
20170716 2
20170716 2
20170716 2
20170716 0
20170716 0
20170717 2
20170717 0
20170717 2
20170718 0
20170718 0
20170718 0
20170718 2
20170718 0
20170719 2
20170719 0
20170719 0
20170719 0
20170720 2
20170720 0
20170720 0
20170721 0
20170721 0
20170721 0
20170721 0
20170721 2
20170721 0
20170721 2
20170722 0
20170722 0
20170722 2
20170722 0
20170722 2
20170722 2
20170722 2
20170722 2
20170722 2
20170722 0
20170722 2
20170722 2
20170722 0
20170722 0
20170723 0
20170723 0
20170723 2
20170723 0
20170724 0
20170724 0
20170724 0
20170724 2
20170724 2
20170724 2
20170724 0
20170724 2
20170724 0
20170725 0
20170725 2
20170725 2
20170725 2
20170725 2
20170725 0
20170725 0
20170725 0
20170725 0
20170725 0
20170725 0
20170725 0
20170725 0
20170725 0
20170725 0
20170725 0
20170725 2
20170725 0
20170725 0
20170726 0
20170726 0
20170726 0
20170726 0
20170726 2
20170726 2
20170726 0
20170726 0
20170726 0
20170726 0
20170726 0
20170727 2
20170727 0
20170727 0
20170727 2
20170727 2
20170727 0
20170727 2
20170727 2
20170727 0
20170728 0
20170728 0
20170728 2
20170728 0
20170728 0
20170728 2
20170728 2
20170728 0
20170728 0
20170729 0
20170729 0
20170729 0
20170729 0
20170729 2
20170729 0
20170729 2
20170729 0
20170729 2
20170729 0
20170729 0
20170729 2
20170729 2
20170729 2
20170730 2
20170731 1
20170731 0
20170731 0
20170801 0
20170801 0
20170801 0
20170802 0
20170802 0
20170802 2
20170802 2
20170803 2
20170803 2
20170803 0
20170803 0
20170803 0
20170803 0
20170803 2
20170803 0
20170804 0
20170804 0
20170804 2
20170804 0
20170804 0
20170804 0
20170804 0
20170804 0
20170805 2
20170805 2
20170805 0
20170805 0
20170805 0
20170805 0
20170805 2
20170806 0
20170807 2
20170807 0
20170807 0
20170807 2
20170807 2
20170807 2
20170807 0
20170807 0
20170807 2
20170807 2
20170807 2
20170807 0
20170807 0
20170807 2
20170807 2
20170808 0
20170808 0
20170808 2
20170808 0
20170809 0
20170809 0
20170809 0
20170809 2
20170809 0
20170810 2
20170810 0
20170810 2
20170810 2
20170811 0
20170811 2
20170811 2
20170811 0
20170812 0
20170812 2
20170812 0
20170812 2
20170812 0
20170812 2
20170812 2
20170812 0
20170812 0
20170814 0
20170814 0
20170814 2
20170814 0
20170814 2
20170814 0
20170814 2
20170814 2
20170815 0
20170815 2
20170815 2
20170815 0
20170815 2
20170816 0
20170816 0
20170816 0
20170816 0
20170816 0
20170816 0
20170816 0
20170816 0
20170816 0
20170816 2
20170817 0
20170817 0
20170817 2
20170817 2
20170817 0
20170817 0
20170817 0
20170817 0
20170817 2
20170817 0
20170817 0
20170817 0
20170818 0
20170818 0
20170818 0
20170818 0
20170818 0
20170818 0
20170819 2
20170819 0
20170819 0
20170819 2
20170819 0
20170819 0
20170819 0
20170819 0
20170819 0
20170819 0
20170820 0
20170821 2
20170821 0
20170821 0
20170822 2
20170822 0
20170822 2
20170822 0
20170822 2
20170822 0
20170822 0
20170823 0
20170823 0
20170823 0
20170823 2
20170823 0
20170823 0
20170823 0
20170823 2
20170823 0
20170823 0
20170824 0
20170824 2
20170824 0
20170824 2
20170824 0
20170824 2
20170824 0
20170824 2
20170824 0
20170824 2
20170824 0
20170824 0
20170824 2
20170824 0
20170825 0
20170825 2
20170825 2
20170825 2
20170825 2
20170825 0
20170825 0
20170825 2
20170825 0
20170825 0
20170825 2
20170825 0
20170826 0
20170826 0
20170826 0
20170826 0
20170826 0
20170826 0
20170826 0
20170826 0
20170827 0
20170827 0
20170827 0
20170827 2
20170827 0
20170827 0
20170827 0
20170827 0
20170827 2
20170827 0
20170827 0
20170829 0
20170829 2
20170830 0
20170830 0
20170830 0
20170830 0
20170830 0
20170831 0
20170831 0
20170901 0
20170901 0
20170901 0
20170901 0
20170901 0
20170901 2
20170901 0
20170902 0
20170902 0
20170902 0
20170902 0
20170903 0
20170903 0
20170903 0
20170903 0
20170903 0
20170903 2
20170903 0
20170903 2
20170903 2
20170903 2
20170904 0
20170905 0
20170905 0
20170905 2
20170905 0
20170906 2
20170906 2
20170906 0
20170906 0
20170906 2
20170906 0
20170906 0
20170907 0
20170907 2
20170907 0
20170907 0
20170907 0
20170907 0
20170907 2
20170907 0
20170907 2
20170908 0
20170908 2
20170908 0
20170908 0
20170908 2
20170908 0
20170908 0
20170908 2
20170909 2
20170909 2
20170909 2
20170910 0
20170910 0
20170911 0
20170911 2
20170912 0
20170912 0
20170912 0
20170912 0
20170913 0
20170913 0
20170913 0
20170914 0
20170914 2
20170914 0
20170914 0
20170914 0
20170914 0
20170914 0
20170914 0
20170914 0
20170914 2
20170914 2
20170914 0
20170914 2
20170915 0
20170915 0
20170915 0
20170915 0
20170915 2
20170915 0
20170915 0
20170915 0
20170915 0
20170915 0
20170915 2
20170915 2
20170915 2
20170915 0
20170916 0
20170916 0
20170916 0
20170917 0
20170917 0
20170917 0
20170917 0
20170917 2
20170918 0
20170918 0
20170918 2
20170918 0
20170918 0
20170919 0
20170919 0
20170919 0
20170919 0
20170919 2
20170919 0
20170919 0
20170919 0
20170920 0
20170920 0
20170920 2
20170920 0
20170920 2
20170920 0
20170920 0
20170920 2
20170920 0
20170920 0
20170920 0
20170920 0
20170920 0
20170920 0
20170920 2
20170920 0
20170920 2
20170920 0
20170920 0
20170921 2
20170921 2
20170921 0
20170921 0
20170921 2
20170921 0
20170921 2
20170921 0
20170921 0
20170922 2
20170922 2
20170922 0
20170922 2
20170922 0
20170922 0
20170922 0
20170922 0
20170922 0
20170923 0
20170923 2
20170923 0
20170923 0
20170923 0
20170923 0
20170923 0
20170923 2
20170923 0
20170923 0
20170923 0
20170923 2
20170923 2
20170924 2
20170924 0
20170924 0
20170924 2
20170924 0
20170924 0
20170924 2
20170924 2
20170924 2
20170925 0
20170925 0
20170925 0
20170925 0
20170925 0
20170925 2
20170925 0
20170925 2
20170926 2
20170926 2
20170926 0
20170926 0
20170926 0
20170926 0
20170926 0
20170926 0
20170926 0
20170926 2
20170926 2
20170926 0
20170926 2
20170926 0
20170926 0
20170926 0
20170926 2
20170926 2
20170926 0
20170926 0
20170927 0
20170927 0
20170927 0
20170927 0
20170927 0
20170927 0
20170927 0
20170927 0
20170927 2
20170927 2
20170927 0
20170927 0
20170928 0
20170928 2
20170928 0
20170928 0
20170928 0
20170928 0
20170929 0
20170929 0
20170929 2
20170929 2
20170929 0
20170929 0
20170929 0
20170929 0
20170929 0
20170929 0
20170929 0
20170930 2
20170930 2
20170930 0
20170930 0
20170930 0
20170930 0
20170930 0
20170930 0
20170930 0
20170930 0
20170930 0
20170930 0
20170930 2
20170930 0
20170930 2
20170930 0
20170930 0
20170930 0
20170930 0
20170930 2
20170930 2
20171001 0
20171001 2
20171001 0
20171001 0
20171001 0
20171001 0
20171001 2
20171002 0
20171002 0
20171003 0
20171003 0
20171003 0
20171003 0
20171004 2
20171004 0
20171004 0
20171004 0
20171004 2
20171004 2
20171004 2
20171004 0
20171005 0
20171005 0
20171005 0
20171005 0
20171005 0
20171005 0
20171006 0
20171007 0
20171007 0
20171007 2
20171007 2
20171007 0
20171007 0
20171007 0
20171007 0
20171007 2
20171007 2
20171007 0
20171007 0
20171008 0
20171008 2
20171008 2
20171008 0
20171008 2
20171008 0
20171008 2
20171008 0
20171008 0
20171009 2
20171009 0
20171009 2
20171010 2
20171010 0
20171010 0
20171010 1
20171010 0
20171010 2
20171010 0
20171010 0
20171010 0
20171011 2
20171011 0
20171011 2
20171011 0
20171011 0
20171011 0
20171011 0
20171011 0
20171011 0
20171011 2
20171011 0
20171011 0
20171011 0
20171011 0
20171012 2
20171012 0
20171012 0
20171012 2
20171012 2
20171012 0
20171012 0
20171012 2
20171012 0
20171012 0
20171013 0
20171013 0
20171013 2
20171013 0
20171013 0
20171013 2
20171013 0
20171013 0
20171013 0
20171013 2
20171013 2
20171013 0
20171014 2
20171014 0
20171014 0
20171014 2
20171014 0
20171014 0
20171014 0
20171014 0
20171015 2
20171015 0
20171016 0
20171016 0
20171016 2
20171016 2
20171016 0
20171016 0
20171016 0
20171017 0
20171017 2
20171017 2
20171017 0
20171017 0
20171017 2
20171017 0
20171017 0
20171018 0
20171018 0
20171018 0
20171018 1
20171018 0
20171018 0
20171018 0
20171018 0
20171018 0
20171018 0
20171018 0
20171018 0
20171018 2
20171018 2
20171018 2
20171018 0
20171018 0
20171019 2
20171019 0
20171019 2
20171019 2
20171019 2
20171019 0
20171020 0
20171020 0
20171020 0
20171020 0
20171020 2
20171020 0
20171020 2
20171020 0
20171020 0
20171020 0
20171020 0
20171021 0
20171021 2
20171021 2
20171021 0
20171021 0
20171021 2
20171021 2
20171021 2
20171021 2
20171021 2
20171021 2
20171022 0
20171022 0
20171022 0
20171022 0
20171022 2
20171023 0
20171023 0
20171023 0
20171023 2
20171024 2
20171024 0
20171024 0
20171024 2
20171024 0
20171024 0
20171024 2
20171024 0
20171025 2
20171025 2
20171025 0
20171025 0
20171025 0
20171025 0
20171025 0
20171025 0
20171025 2
20171025 0
20171025 0
20171025 0
20171025 0
20171026 0
20171026 0
20171026 0
20171026 0
20171026 0
20171026 0
20171026 0
20171026 2
20171027 2
20171027 0
20171027 0
20171027 0
20171027 0
20171027 0
20171027 0
20171027 0
20171027 2
20171027 0
20171027 0
20171027 0
20171027 2
20171027 2
20171027 0
20171028 0
20171028 2
20171028 0
20171028 0
20171028 0
20171028 2
20171028 2
20171028 2
20171028 0
20171028 2
20171028 2
20171029 0
20171029 2
20171029 2
20171029 2
20171029 0
20171029 2
20171030 0
20171030 2
20171030 1
20171030 0
20171031 2
20171031 0
20171031 0
20171031 2
20171031 0
20171031 2
20171031 0
20171031 0
20171031 2
20171031 2
20171031 0
20171031 0
20171031 0
20171031 0
20171101 0
20171101 2
20171101 2
20171101 2
20171101 0
20171101 0
20171101 0
20171101 0
20171101 0
20171101 2
20171101 0
20171101 0
20171101 2
20171101 0
20171101 0
20171102 0
20171102 0
20171102 0
20171102 0
20171102 0
20171102 0
20171102 2
20171102 0
20171102 2
20171102 0
20171102 0
20171102 0
20171102 2
20171102 0
20171103 0
20171103 2
20171103 2
20171103 0
20171103 0
20171103 0
20171103 2
20171103 2
20171103 0
20171103 2
20171103 0
20171103 2
20171103 0
20171103 0
20171103 0
20171103 2
20171103 0
20171103 0
20171103 2
20171103 0
20171104 0
20171104 0
20171104 2
20171104 0
20171105 0
20171105 0
20171105 0
20171105 0
20171105 0
20171105 2
20171106 0
20171106 0
20171106 0
20171106 0
20171106 0
20171106 2
20171106 0
20171107 0
20171107 0
20171107 0
20171107 0
20171107 0
20171107 0
20171107 0
20171107 0
20171107 0
20171108 0
20171108 0
20171108 2
20171108 2
20171108 2
20171108 2
20171108 0
20171108 0
20171108 0
20171108 2
20171108 0
20171108 2
20171109 0
20171109 0
20171109 2
20171109 0
20171110 0
20171110 2
20171110 0
20171110 2
20171110 0
20171110 2
20171110 2
20171110 2
20171110 0
20171111 0
20171111 2
20171111 2
20171111 2
20171112 0
20171112 2
20171112 2
20171112 2
20171112 0
20171112 0
20171112 0
20171112 0
20171113 0
20171113 0
20171113 0
20171113 0
20171114 0
20171114 0
20171114 2
20171114 0
20171114 2
20171114 2
20171114 0
20171114 0
20171115 2
20171115 0
20171115 0
20171115 0
20171115 0
20171115 0
20171115 0
20171115 0
20171115 2
20171115 0
20171115 0
20171116 0
20171116 0
20171116 0
20171116 0
20171116 0
20171116 2
20171116 0
20171117 0
20171117 2
20171117 2
20171117 0
20171117 0
20171117 2
20171117 0
20171118 0
20171118 0
20171119 2
20171119 2
20171119 2
20171119 2
20171120 2
20171120 0
20171120 0
20171120 0
20171121 0
20171121 0
20171122 2
20171122 0
20171122 2
20171122 0
20171122 0
20171122 2
20171122 0
20171122 2
20171123 0
20171123 0
20171123 0
20171123 0
20171123 0
20171123 0
20171123 0
20171123 2
20171124 0
20171124 0
20171124 0
20171124 2
20171124 0
20171124 2
20171124 2
20171124 0
20171125 0
20171125 2
20171125 2
20171125 2
20171125 0
20171126 0
20171126 0
20171126 0
20171127 0
20171127 2
20171127 0
20171127 0
20171128 0
20171128 0
20171128 2
20171128 0
20171128 2
20171128 2
20171128 2
20171128 0
20171128 0
20171129 2
20171129 2
20171129 0
20171129 0
20171129 0
20171129 0
20171129 0
20171129 0
20171129 0
20171129 2
20171129 2
20171129 2
20171129 0
20171129 0
20171129 0
20171129 0
20171130 0
20171130 2
20171130 2
20171130 2
20171130 2
20171130 2
20171130 0
20171130 2
20171130 2
20171130 2
20171130 0
20171130 2
20171130 0
20171130 0
20171130 0
20171201 0
20171201 0
20171201 0
20171201 0
20171201 2
20171201 0
20171201 2
20171201 0
20171202 0
20171202 0
20171202 1
20171202 2
20171203 0
20171203 2
20171203 2
20171203 2
20171203 0
20171203 0
20171203 2
20171203 0
20171203 2
20171203 2
20171204 0
20171204 0
20171204 0
20171204 0
20171205 0
20171205 0
20171206 0
20171206 0
20171206 2
20171206 2
20171207 0
20171207 0
20171207 0
20171207 2
20171207 2
20171207 0
20171208 0
20171208 0
20171208 0
20171208 2
20171208 2
20171208 0
20171208 0
20171208 0
20171209 0
20171209 0
20171209 0
20171209 0
20171209 0
20171209 2
20171209 2
20171209 0
20171209 0
20171209 0
20171209 2
20171209 2
20171209 0
20171209 0
20171210 0
20171210 2
20171210 0
20171210 2
20171211 0
20171212 2
20171212 0
20171212 2
20171212 0
20171212 0
20171213 0
20171213 2
20171213 2
20171213 2
20171213 0
20171214 0
20171214 0
20171214 0
20171214 0
20171214 0
20171214 2
20171215 0
20171215 0
20171215 0
20171215 2
20171216 0
20171216 0
20171216 0
20171216 0
20171216 0
20171217 0
20171217 0
20171218 0
20171218 2
20171218 2
20171218 2
20171218 0
20171218 2
20171218 0
20171218 0
20171218 0
20171218 0
20171218 0
20171218 0
20171218 0
20171219 0
20171219 0
20171219 0
20171219 2
20171219 0
20171220 0
20171220 0
20171220 2
20171220 0
20171220 0
20171220 0
20171221 2
20171221 0
20171221 0
20171221 0
20171221 0
20171222 2
20171222 0
20171222 0
20171222 2
20171222 2
20171222 0
20171222 0
20171222 0
20171222 2
20171222 0
20171222 0
20171223 2
20171223 0
20171223 2
20171223 2
20171223 2
20171224 2
20171224 2
20171224 2
20171225 0
20171225 0
20171225 0
20171225 0
20171226 2
20171226 2
20171226 0
20171227 2
20171227 0
20171228 2
20171228 2
20171228 0
20171228 0
20171228 2
20171228 0
20171228 0
20171229 0
20171229 2
20171229 2
20171229 2
20171230 2
20171230 2
20171230 0
20171230 0
20171230 2
20171230 0
20171231 2
20171231 2
20171231 0
20171231 2
20171231 0
20171231 0
20171231 2
20171231 0
20171231 0
20180109 0
20180110 0
20180110 0
20180110 0
20180110 2
20180110 2
20180110 2
20180110 0
20180110 0
20180110 0
20180110 0
20180111 0
20180111 2
20180111 0
20180111 2
20180111 0
20180111 0
20180111 0
20180111 2
20180112 0
20180112 0
20180112 2
20180112 0
20180112 2
20180112 0
20180112 2
20180112 0
20180112 0
20180112 1
20180112 0
20180112 0
20180112 2
20180112 0
20180113 0
20180113 0
20180113 0
20180113 0
20180113 0
20180113 1
20180114 2
20180114 0
20180114 2
20180114 0
20180114 0
20180114 2
20180115 2
20180115 0
20180115 2
20180116 0
20180116 0
20180116 2
20180116 0
20180116 0
20180116 2
20180116 0
20180116 2
20180116 0
20180117 0
20180117 2
20180117 0
20180117 0
20180117 0
20180118 2
20180118 0
20180118 0
20180118 2
20180118 2
20180118 0
20180118 0
20180118 0
20180118 2
20180118 0
20180118 0
20180118 0
20180119 2
20180119 2
20180119 2
20180119 0
20180119 2
20180119 0
20180120 0
20180120 2
20180120 2
20180120 0
20180120 0
20180120 0
20180120 0
20180120 0
20180121 2
20180121 0
20180121 2
20180122 0
20180122 0
20180122 0
20180122 0
20180123 0
20180123 0
20180123 0
20180123 0
20180123 2
20180123 0
20180124 0
20180124 0
20180124 0
20180124 2
20180124 0
20180125 0
20180125 2
20180125 0
20180125 2
20180126 0
20180126 0
20180126 0
20180126 0
20180126 0
20180126 2
20180126 0
20180127 2
20180127 2
20180127 2
20180128 0
20180128 0
20180128 0
20180128 0
20180129 0
20180131 0
20180201 0
20180201 1
20180201 0
20180202 0
20180202 2
20180202 2
20180202 0
20180202 0
20180202 0
20180203 0
20180203 2
20180204 2
20180204 2
20180204 2
20180204 0
20180205 0
20180205 2
20180205 0
20180205 0
20180205 2
20180205 2
20180205 0
20180206 2
20180206 0
20180206 0
20180206 2
20180206 2
20180207 0
20180207 0
20180207 0
20180207 0
20180207 0
20180207 0
20180207 0
20180208 0
20180208 0
20180208 2
20180208 2
20180208 0
20180209 2
20180209 0
20180209 2
20180209 2
20180210 0
20180210 2
20180210 0
20180210 2
20180210 2
20180210 2
20180210 2
20180210 2
20180210 0
20180211 0
20180211 2
20180211 0
20180211 0
20180212 0
20180212 0
20180212 0
20180213 0
20180213 0
20180214 0
20180214 2
20180214 2
20180214 2
20180215 2
20180215 2
20180215 2
20180215 0
20180215 2
20180215 2
20180216 0
20180216 0
20180216 2
20180217 2
20180217 0
20180217 0
20180217 2
20180217 2
20180217 0
20180217 2
20180217 1
20180218 2
20180218 1
20180218 2
20180218 2
20180218 2
20180218 2
20180218 2
20180218 0
20180218 0
20180218 0
20180218 0
20180219 0
20180219 0
20180219 2
20180220 0
20180220 0
20180220 0
20180220 0
20180220 2
20180220 2
20180220 2
20180220 0
20180220 0
20180220 0
20180220 2
20180220 2
20180220 0
20180221 2
20180221 0
20180221 0
20180221 2
20180221 0
20180221 2
20180221 0
20180221 2
20180222 0
20180222 2
20180222 2
20180222 2
20180222 2
20180222 2
20180222 0
20180222 2
20180222 0
20180222 0
20180223 2
20180223 0
20180223 0
20180223 2
20180223 2
20180223 0
20180223 0
20180223 2
20180223 0
20180223 0
20180224 0
20180224 0
20180224 2
20180224 0
20180224 0
20180224 0
20180224 2
20180224 2
20180224 2
20180225 0
20180225 0
20180227 0
20180227 2
20180227 2
20180227 0
20180227 0
20180227 2
20180227 2
20180227 0
20180228 0
20180228 0
20180228 2
20180228 2
20180228 0
20180228 2
20180228 0
20180228 2
20180228 2
20180228 0
20180301 0
20180301 2
20180301 0
20180301 0
20180301 2
20180301 0
20180302 0
20180302 0
20180302 0
20180302 0
20180302 2
20180302 0
20180302 0
20180302 0
20180302 2
20180302 0
20180302 0
20180303 0
20180303 0
20180303 2
20180303 0
20180304 0
20180305 0
20180305 0
20180305 0
20180305 0
20180305 0
20180305 0
20180306 2
20180306 0
20180306 0
20180306 0
20180306 0
20180306 2
20180306 2
20180307 0
20180307 0
20180307 0
20180307 0
20180307 0
20180307 0
20180308 0
20180308 0
20180308 0
20180308 2
20180308 2
20180309 2
20180309 0
20180309 0
20180309 0
20180309 2
20180310 2
20180310 2
20180310 2
20180310 0
20180310 2
20180310 2
20180310 0
20180310 2
20180310 2
20180310 0
20180310 0
20180311 0
20180311 0
20180311 2
20180311 2
20180311 2
20180311 2
20180312 0
20180312 2
20180312 2
20180312 2
20180312 0
20180312 0
20180313 2
20180313 0
20180313 0
20180313 0
20180313 2
20180313 2
20180313 2
20180313 0
20180314 0
20180314 0
20180314 2
20180314 0
20180314 0
20180314 0
20180314 0
20180314 2
20180314 0
20180314 0
20180315 2
20180315 0
20180315 2
20180315 0
20180315 0
20180316 2
20180316 2
20180316 0
20180316 2
20180317 0
20180317 0
20180317 2
20180317 2
20180318 2
20180318 2
20180318 0
20180318 1
20180319 0
20180319 0
20180320 0
20180320 0
20180321 0
20180321 2
20180321 2
20180321 0
20180321 2
20180321 1
20180321 2
20180322 0
20180322 2
20180322 2
20180322 2
20180322 0
20180322 0
20180322 0
20180323 2
20180323 0
20180323 2
20180323 0
20180323 2
20180323 0
20180324 0
20180325 2
20180325 2
20180325 2
20180325 0
20180325 0
20180325 0
20180325 0
20180326 0
20180326 0
20180326 0
20180326 0
20180327 0
20180327 2
20180328 0
20180328 2
20180328 0
20180328 0
20180328 2
20180328 2
20180328 0
20180328 2
20180328 0
20180329 0
20180329 2
20180329 0
20180329 2
20180330 0
20180331 2
20180331 2
20180331 0
20180401 0
20180401 2
20180401 0
20180401 0
20180402 2
20180402 2
20180402 2
20180402 0
20180402 2
20180402 0
20180402 2
20180402 0
20180402 2
20180403 2
20180403 2
20180403 2
20180403 0
20180403 2
20180403 2
20180403 0
20180403 2
20180403 2
20180403 2
20180403 2
20180403 0
20180403 0
20180404 0
20180404 2
20180404 0
20180404 2
20180404 0
20180404 2
20180405 0
20180405 2
20180405 0
20180405 0
20180406 0
20180406 0
20180406 2
20180406 0
20180406 2
20180406 0
20180407 0
20180407 2
20180407 0
20180407 2
20180407 2
20180407 0
20180408 2
20180408 2
20180408 0
20180408 0
20180408 2
20180408 2
20180408 2
20180408 0
20180409 0
20180409 2
20180409 0
20180409 0
20180410 0
20180410 0
20180410 0
20180410 0
20180410 0
20180410 0
20180411 1
20180411 2
20180411 2
20180411 0
20180411 2
20180411 2
20180411 0
20180411 2
20180411 2
20180411 0
20180412 0
20180412 0
20180412 0
20180412 0
20180412 0
20180412 2
20180412 0
20180412 0
20180412 0
20180412 0
20180413 0
20180413 2
20180413 2
20180413 2
20180413 0
20180413 0
20180414 0
20180414 0
20180414 0
20180415 2
20180415 2
20180415 0
20180415 1
20180415 0
20180415 0
20180415 0
20180415 0
20180416 2
20180416 0
20180417 0
20180417 0
20180417 2
20180417 0
20180417 0
20180417 2
20180417 0
20180417 2
20180417 0
20180417 2
20180418 0
20180418 0
20180418 0
20180418 2
20180418 2
20180418 2
20180418 0
20180418 0
20180418 2
20180418 0
20180418 0
20180418 0
20180419 0
20180419 0
20180419 0
20180419 0
20180419 0
20180419 0
20180419 0
20180419 0
20180419 2
20180419 0
20180419 2
20180419 2
20180419 2
20180420 0
20180420 2
20180420 0
20180420 0
20180420 0
20180420 2
20180420 2
20180420 0
20180420 2
20180421 2
20180421 2
20180421 2
20180421 0
20180421 2
20180421 2
20180421 0
20180421 2
20180421 2
20180421 0
20180421 2
20180421 0
20180421 0
20180421 2
20180421 0
20180421 2
20180421 2
20180422 0
20180422 2
20180422 2
20180422 0
20180422 0
20180422 0
20180422 2
20180422 0
20180423 2
20180423 2
20180423 0
20180423 0
20180424 2
20180424 2
20180424 0
20180424 2
20180424 0
20180424 0
20180424 0
20180424 2
20180425 0
20180425 0
20180425 0
20180425 0
20180425 0
20180425 0
20180426 0
20180426 0
20180426 2
20180427 2
20180427 0
20180427 0
20180427 0
20180427 0
20180427 0
20180427 0
20180427 2
20180427 0
20180428 2
20180428 2
20180428 2
20180428 0
20180428 2
20180428 0
20180428 0
20180428 2
20180428 0
20180429 0
20180429 2
20180429 2
20180430 0
20180430 0
20180430 2
20180430 0
20180430 2
20180430 0
20180430 2
20180430 0
20180430 0
20180430 2
20180501 2
20180501 2
20180501 0
20180501 0
20180501 0
20180501 0
20180501 0
20180502 2
20180502 2
20180502 0
20180502 1
20180502 0
20180502 2
20180502 2
20180503 0
20180503 0
20180503 0
20180503 2
20180503 0
20180503 2
20180503 0
20180503 0
20180503 0
20180504 2
20180504 0
20180504 0
20180504 0
20180504 0
20180504 0
20180504 0
20180504 2
20180504 0
20180504 0
20180505 0
20180505 0
20180505 2
20180505 0
20180507 0
20180507 2
20180507 2
20180507 2
20180507 0
20180507 0
20180507 2
20180507 2
20180507 2
20180507 0
20180507 2
20180508 0
20180508 2
20180508 0
20180508 2
20180508 2
20180509 0
20180509 0
20180509 0
20180509 0
20180509 0
20180509 0
20180509 0
20180509 0
20180510 0
20180510 0
20180510 1
20180510 0
20180510 0
20180511 0
20180511 0
20180511 2
20180511 0
20180511 2
20180512 0
20180512 2
20180512 2
20180513 0
20180513 0
20180513 2
20180513 2
20180514 0
20180514 0
20180514 0
20180514 0
20180514 0
20180514 2
20180514 0
20180515 0
20180515 0
20180515 2
20180515 0
20180515 0
20180515 0
20180515 0
20180516 2
20180516 0
20180516 2
20180516 2
20180516 0
20180516 0
20180516 0
20180516 0
20180516 0
20180516 0
20180517 0
20180517 2
20180517 2
20180517 0
20180517 2
20180517 0
20180517 2
20180517 0
20180517 0
20180517 0
20180518 2
20180518 2
20180518 0
20180518 2
20180518 0
20180518 0
20180518 0
20180518 2
20180518 0
20180518 0
20180519 0
20180519 0
20180519 0
20180519 2
20180520 2
20180520 0
20180520 2
20180520 2
20180520 2
20180520 2
20180520 0
20180520 2
20180521 2
20180521 0
20180521 0
20180521 2
20180521 1
20180521 1
20180521 1
20180521 0
20180521 2
20180521 0
20180522 0
20180522 0
20180523 0
20180523 2
20180523 0
20180523 2
20180523 2
20180523 2
20180523 0
20180523 0
20180523 0
20180523 2
20180523 2
20180523 0
20180523 0
20180523 0
20180523 2
20180523 2
20180523 0
20180524 0
20180524 0
20180524 2
20180524 0
20180524 2
20180524 2
20180524 0
20180524 0
20180524 2
20180524 0
20180525 0
20180525 2
20180525 2
20180525 1
20180525 2
20180525 0
20180525 0
20180525 0
20180525 2
20180525 2
20180525 2
20180525 2
20180525 0
20180526 2
20180526 0
20180526 2
20180526 0
20180526 0
20180526 2
20180526 2
20180526 2
20180526 2
20180526 2
20180527 0
20180527 2
20180527 0
20180527 2
20180527 0
20180527 1
20180528 0
20180528 0
20180528 0
20180528 2
20180528 2
20180528 0
20180528 0
20180528 2
20180528 0
20180528 0
20180529 0
20180529 0
20180529 2
20180529 0
20180529 2
20180529 2
20180529 2
20180530 2
20180530 2
20180530 0
20180530 2
20180530 2
20180530 2
20180530 2
20180530 0
20180530 2
20180530 0
20180531 0
20180531 2
20180531 2
20180531 1
20180531 2
20180531 2
20180531 0
20180531 2
20180531 0
20180531 0
20180601 2
20180601 2
20180601 0
20180601 0
20180601 0
20180602 0
20180602 2
20180602 2
20180602 2
20180602 0
20180602 0
20180602 2
20180602 0
20180602 2
20180602 2
20180602 0
20180602 2
20180602 0
20180603 2
20180603 2
20180603 2
20180603 2
20180603 2
20180604 0
20180604 0
20180604 0
20180604 1
20180604 0
20180604 0
20180604 0
20180604 2
20180604 0
20180604 0
20180604 2
20180604 0
20180605 0
20180605 0
20180605 2
20180605 0
20180605 0
20180605 2
20180605 2
20180605 0
20180605 0
20180605 1
20180605 2
20180605 0
20180605 0
20180605 0
20180605 0
20180605 0
20180605 0
20180605 0
20180606 0
20180606 0
20180606 2
20180606 2
20180606 0
20180606 0
20180606 0
20180606 0
20180606 0
20180606 2
20180606 2
20180606 0
20180606 2
20180606 0
20180606 0
20180607 2
20180607 0
20180607 2
20180607 2
20180607 2
20180607 2
20180607 0
20180607 2
20180607 0
20180607 2
20180607 0
20180607 0
20180607 0
20180607 2
20180607 0
20180607 0
20180607 2
20180607 0
20180607 2
20180607 2
20180608 2
20180608 2
20180608 2
20180608 0
20180608 0
20180608 2
20180609 2
20180609 2
20180609 0
20180609 0
20180609 0
20180609 0
20180609 0
20180609 2
20180609 0
20180609 0
20180609 2
20180609 2
20180611 2
20180611 2
20180611 2
20180611 2
20180611 0
20180611 0
20180611 0
20180611 2
20180611 0
20180611 2
20180612 0
20180612 2
20180612 0
20180612 0
20180612 0
20180612 0
20180612 0
20180612 2
20180612 0
20180612 2
20180612 2
20180613 2
20180613 2
20180613 0
20180613 2
20180613 2
20180613 2
20180613 0
20180613 0
20180613 2
20180613 2
20180613 0
20180613 0
20180613 0
20180613 0
20180613 0
20180613 0
20180613 2
20180614 0
20180614 0
20180614 2
20180614 0
20180614 2
20180614 0
20180614 0
20180615 2
20180615 0
20180615 0
20180615 2
20180615 2
20180615 0
20180615 0
20180615 2
20180615 2
20180615 0
20180615 2
20180615 2
20180615 2
20180616 0
20180616 0
20180616 0
20180616 0
20180617 2
20180617 0
20180617 1
20180617 2
20180617 2
20180617 0
20180617 0
20180617 0
20180617 2
20180618 2
20180618 2
20180618 2
20180618 0
20180618 2
20180618 2
20180618 0
20180618 0
20180618 0
20180618 0
20180618 2
20180618 0
20180619 0
20180619 0
20180619 0
20180619 2
20180619 2
20180619 0
20180619 0
20180619 0
20180619 2
20180620 2
20180620 0
20180620 0
20180620 2
20180620 2
20180620 0
20180620 0
20180620 0
20180620 0
20180620 2
20180620 0
20180620 0
20180620 0
20180621 0
20180621 0
20180621 0
20180621 2
20180621 2
20180621 0
20180621 0
20180621 0
20180621 0
20180621 0
20180621 0
20180621 2
20180621 0
20180621 0
20180621 0
20180621 0
20180621 2
20180621 2
20180621 2
20180622 0
20180622 2
20180622 2
20180622 2
20180622 0
20180622 0
20180622 0
20180622 2
20180622 2
20180622 0
20180622 0
20180622 2
20180622 2
20180623 0
20180623 0
20180623 2
20180623 0
20180623 0
20180623 2
20180623 2
20180623 2
20180623 0
20180623 2
20180623 2
20180623 2
20180623 0
20180623 0
20180623 0
20180624 2
20180624 0
20180624 2
20180624 2
20180624 0
20180625 1
20180625 0
20180625 2
20180625 0
20180625 0
20180625 2
20180625 2
20180625 2
20180625 2
20180625 0
20180625 0
20180625 0
20180625 2
20180625 0
20180625 2
20180625 2
20180625 0
20180626 0
20180626 2
20180626 2
20180626 2
20180626 0
20180626 0
20180626 0
20180626 2
20180626 2
20180626 0
20180626 2
20180627 0
20180627 0
20180627 2
20180627 0
20180627 0
20180627 0
20180627 0
20180627 2
20180627 0
20180627 0
20180627 0
20180627 2
20180627 2
20180627 0
20180627 0
20180627 0
20180628 0
20180628 2
20180628 2
20180628 2
20180628 1
20180628 0
20180628 0
20180628 0
20180628 2
20180628 2
20180628 0
20180628 0
20180628 0
20180628 0
20180629 0
20180629 2
20180629 0
20180630 2
20180630 2
20180630 2
20180630 0
20180630 2
20180630 0
20180630 2
20180630 0
20180630 2
20180701 2
20180701 0
20180701 0
20180702 0
20180702 0
20180703 0
20180703 0
20180703 0
20180703 2
20180703 0
20180703 0
20180703 0
20180703 2
20180703 0
20180703 2
20180703 2
20180703 0
20180703 0
20180703 2
20180703 0
20180703 2
20180703 0
20180703 0
20180703 0
20180704 0
20180704 0
20180704 0
20180704 2
20180705 0
20180705 0
20180705 2
20180705 0
20180705 2
20180705 0
20180706 0
20180706 2
20180706 0
20180706 0
20180706 0
20180706 2
20180707 0
20180707 0
20180707 2
20180707 2
20180707 2
20180708 0
20180708 2
20180708 0
20180708 0
20180709 2
20180709 2
20180709 0
20180709 2
20180709 2
20180709 2
20180709 0
20180710 2
20180710 0
20180710 0
20180710 0
20180710 0
20180710 0
20180710 2
20180710 2
20180710 2
20180710 2
20180710 0
20180711 2
20180711 0
20180711 0
20180711 0
20180711 2
20180711 2
20180711 2
20180711 0
20180711 2
20180711 0
20180712 0
20180712 0
20180712 2
20180712 2
20180712 0
20180712 2
20180712 0
20180712 0
20180713 0
20180713 2
20180713 0
20180714 0
20180714 0
20180714 0
20180714 1
20180714 2
20180714 2
20180714 0
20180714 2
20180714 2
20180714 1
20180715 2
20180715 0
20180715 2
20180715 0
20180715 0
20180716 0
20180716 1
20180716 0
20180716 0
20180716 2
20180716 0
20180716 0
20180716 2
20180716 0
20180716 0
20180717 2
20180717 2
20180717 2
20180717 2
20180717 0
20180718 0
20180718 0
20180718 0
20180718 2
20180718 0
20180718 0
20180718 0
20180718 2
20180718 2
20180718 0
20180718 0
20180718 0
20180718 0
20180719 2
20180719 2
20180719 2
20180719 0
20180719 2
20180719 0
20180719 0
20180719 0
20180719 0
20180719 2
20180719 2
20180719 2
20180719 0
20180720 0
20180720 2
20180720 2
20180720 2
20180720 0
20180720 2
20180720 0
20180721 2
20180721 0
20180721 2
20180721 0
20180721 0
20180721 0
20180722 0
20180722 1
20180722 1
20180722 2
20180722 2
20180722 0
20180722 0
20180722 1
20180723 2
20180723 0
20180723 1
20180723 2
20180723 2
20180723 2
20180723 0
20180723 2
20180723 2
20180723 2
20180724 0
20180724 0
20180724 0
20180724 0
20180724 0
20180724 0
20180724 0
20180724 0
20180724 0
20180724 2
20180724 2
20180724 0
20180724 0
20180724 0
20180725 0
20180725 2
20180725 0
20180725 2
20180725 0
20180725 0
20180725 2
20180725 2
20180725 2
20180725 0
20180725 0
20180725 0
20180725 0
20180725 0
20180725 0
20180726 0
20180726 0
20180726 0
20180726 0
20180726 0
20180726 0
20180726 0
20180726 0
20180726 0
20180726 2
20180726 0
20180727 0
20180727 0
20180727 0
20180727 0
20180727 2
20180727 2
20180727 0
20180727 0
20180727 0
20180727 0
20180727 0
20180727 0
20180727 1
20180727 0
20180727 0
20180727 2
20180728 0
20180728 0
20180728 0
20180729 2
20180729 2
20180729 2
20180729 2
20180729 0
20180729 0
20180729 0
20180729 2
20180729 2
20180729 0
20180729 2
20180729 2
20180729 2
20180729 2
20180730 0
20180730 0
20180730 0
20180730 0
20180730 0
20180730 0
20180730 0
20180730 2
20180730 0
20180730 0
20180730 0
20180731 0
20180731 0
20180731 0
20180731 2
20180731 0
20180731 0
20180731 0
20180731 2
20180731 0
20180731 0
20180731 0
20180731 0
20180731 2
20180731 0
20180731 2
20180731 0
20180801 0
20180801 2
20180801 2
20180801 2
20180801 2
20180801 2
20180801 2
20180801 2
20180801 2
20180801 0
20180801 0
20180801 0
20180801 2
20180802 0
20180802 2
20180802 0
20180802 2
20180802 0
20180802 0
20180802 0
20180802 0
20180802 0
20180802 0
20180802 0
20180802 2
20180803 0
20180803 0
20180803 0
20180803 2
20180803 0
20180803 2
20180803 0
20180803 0
20180803 0
20180804 0
20180804 2
20180804 2
20180804 2
20180804 0
20180804 2
20180804 0
20180804 0
20180804 2
20180804 2
20180804 2
20180804 0
20180804 0
20180805 0
20180805 0
20180805 0
20180805 0
20180805 0
20180805 2
20180805 0
20180805 2
20180805 2
20180805 0
20180805 1
20180806 2
20180806 2
20180806 0
20180806 0
20180806 0
20180806 0
20180806 0
20180806 0
20180806 1
20180807 2
20180807 0
20180807 2
20180808 0
20180808 0
20180808 0
20180808 0
20180808 0
20180808 0
20180808 0
20180808 0
20180808 0
20180808 0
20180809 2
20180809 2
20180809 0
20180809 0
20180809 1
20180809 2
20180810 2
20180810 0
20180810 0
20180810 2
20180810 0
20180810 0
20180810 0
20180810 0
20180811 2
20180811 0
20180811 2
20180811 0
20180811 0
20180811 0
20180811 0
20180811 2
20180811 0
20180812 0
20180812 2
20180812 0
20180812 0
20180812 2
20180813 2
20180813 1
20180813 2
20180813 2
20180813 2
20180813 2
20180813 0
20180813 2
20180813 0
20180813 0
20180813 0
20180813 0
20180814 2
20180814 0
20180814 0
20180814 1
20180814 2
20180814 0
20180814 2
20180814 2
20180814 2
20180814 2
20180814 0
20180814 2
20180814 2
20180814 2
20180814 2
20180814 2
20180814 2
20180815 0
20180815 1
20180815 0
20180815 0
20180815 0
20180815 0
20180815 0
20180815 1
20180815 0
20180815 2
20180815 0
20180815 0
20180815 2
20180815 0
20180815 2
20180815 0
20180816 0
20180816 2
20180816 0
20180816 0
20180816 2
20180816 2
20180816 2
20180816 0
20180816 2
20180816 0
20180816 0
20180816 0
20180816 0
20180816 0
20180816 0
20180816 2
20180816 2
20180817 2
20180817 2
20180817 2
20180817 1
20180817 2
20180817 2
20180817 0
20180817 2
20180817 0
20180817 0
20180817 2
20180817 0
20180817 0
20180817 2
20180817 0
20180817 2
20180817 0
20180817 2
20180818 2
20180818 2
20180818 2
20180818 2
20180818 2
20180818 0
20180818 2
20180818 0
20180818 2
20180818 2
20180818 0
20180818 0
20180818 2
20180818 2
20180818 2
20180819 2
20180819 2
20180819 0
20180819 1
20180819 0
20180819 0
20180820 0
20180820 0
20180820 2
20180820 2
20180820 0
20180820 0
20180820 2
20180820 0
20180820 0
20180821 0
20180821 0
20180821 0
20180821 0
20180821 0
20180821 2
20180821 2
20180821 2
20180821 2
20180821 0
20180821 0
20180821 0
20180821 0
20180822 0
20180822 0
20180822 0
20180822 2
20180822 0
20180822 2
20180822 0
20180822 0
20180822 0
20180822 0
20180822 0
20180822 0
20180822 0
20180823 0
20180823 2
20180823 2
20180823 2
20180823 0
20180823 0
20180823 0
20180823 0
20180823 0
20180823 2
20180823 2
20180823 0
20180824 0
20180824 0
20180824 0
20180824 0
20180824 2
20180824 2
20180824 2
20180824 0
20180824 2
20180824 2
20180824 0
20180824 0
20180825 0
20180825 0
20180825 2
20180825 0
20180825 0
20180825 2
20180825 2
20180825 2
20180825 0
20180825 2
20180825 0
20180825 0
20180825 0
20180826 0
20180826 0
20180826 0
20180826 2
20180827 2
20180827 0
20180827 0
20180827 0
20180827 0
20180827 0
20180827 0
20180827 2
20180827 0
20180828 0
20180828 2
20180828 0
20180828 2
20180828 0
20180828 2
20180828 2
20180828 0
20180828 2
20180828 0
20180829 0
20180829 0
20180829 2
20180829 0
20180829 0
20180829 0
20180829 2
20180829 0
20180829 2
20180829 2
20180829 2
20180829 0
20180829 2
20180829 0
20180829 0
20180829 2
20180829 0
20180829 0
20180829 0
20180829 2
20180829 0
20180829 2
20180829 2
20180829 2
20180830 0
20180830 2
20180830 2
20180830 0
20180830 2
20180830 2
20180830 2
20180830 0
20180830 2
20180830 0
20180830 0
20180830 2
20180830 0
20180830 0
20180830 0
20180830 0
20180830 0
20180830 0
20180831 0
20180831 0
20180831 0
20180831 2
20180901 0
20180901 2
20180901 2
20180901 0
20180901 2
20180901 0
20180901 0
20180901 2
20180901 2
20180901 2
20180901 2
20180901 2
20180901 2
20180901 0
20180901 2
20180901 0
20180901 0
20180902 2
20180902 2
20180902 2
20180902 2
20180902 2
20180902 2
20180903 2
20180903 0
20180903 0
20180903 2
20180903 0
20180903 2
20180903 2
20180903 2
20180903 2
20180903 1
20180904 2
20180904 0
20180904 0
20180904 2
20180904 0
20180904 0
20180904 0
20180904 2
20180904 2
20180904 2
20180904 2
20180904 2
20180905 0
20180905 2
20180905 2
20180905 0
20180905 2
20180905 0
20180905 2
20180905 2
20180905 0
20180905 0
20180905 0
20180905 0
20180905 0
20180905 0
20180905 2
20180906 0
20180906 0
20180906 2
20180906 2
20180906 0
20180906 0
20180906 2
20180906 0
20180907 2
20180907 0
20180907 0
20180907 2
20180907 0
20180907 1
20180907 2
20180907 2
20180907 0
20180908 0
20180908 2
20180908 0
20180908 2
20180908 2
20180909 0
20180909 0
20180909 2
20180909 0
20180909 0
20180909 2
20180909 2
20180909 2
20180909 2
20180909 0
20180909 2
20180909 0
20180909 0
20180909 0
20180910 0
20180910 0
20180910 2
20180910 0
20180910 0
20180910 2
20180910 2
20180910 0
20180910 0
20180910 2
20180910 2
20180910 0
20180910 2
20180910 0
20180910 2
20180910 0
20180911 2
20180911 2
20180911 2
20180911 0
20180911 0
20180911 2
20180911 0
20180911 2
20180911 0
20180911 0
20180912 2
20180912 0
20180912 2
20180912 0
20180912 2
20180912 0
20180912 0
20180912 0
20180912 0
20180912 2
20180912 0
20180912 0
20180912 0
20180913 2
20180913 0
20180913 2
20180913 0
20180913 0
20180913 2
20180913 2
20180913 2
20180913 0
20180913 0
20180913 0
20180913 2
20180914 2
20180914 0
20180914 0
20180914 0
20180914 0
20180914 2
20180915 2
20180915 0
20180915 2
20180915 2
20180915 2
20180915 0
20180915 0
20180915 0
20180915 0
20180915 0
20180915 0
20180915 0
20180915 1
20180915 0
20180916 0
20180916 2
20180916 0
20180916 0
20180916 0
20180916 0
20180916 0
20180917 0
20180917 0
20180917 2
20180917 2
20180917 2
20180917 2
20180917 0
20180917 0
20180917 0
20180917 0
20180917 0
20180917 2
20180918 0
20180918 2
20180918 2
20180918 2
20180918 0
20180918 0
20180918 0
20180918 2
20180918 0
20180918 0
20180918 0
20180918 0
20180919 0
20180919 2
20180919 0
20180919 0
20180919 0
20180919 0
20180919 2
20180919 0
20180919 0
20180920 0
20180920 0
20180920 0
20180920 0
20180920 2
20180920 2
20180920 0
20180920 0
20180920 0
20180920 2
20180920 0
20180920 0
20180920 0
20180920 0
20180921 0
20180921 0
20180921 0
20180921 0
20180921 2
20180921 2
20180921 0
20180921 2
20180921 2
20180921 2
20180921 2
20180921 2
20180921 2
20180921 0
20180921 0
20180921 2
20180922 0
20180922 0
20180922 0
20180922 0
20180922 0
20180922 0
20180923 0
20180923 2
20180923 0
20180924 2
20180924 0
20180924 0
20180924 0
20180924 0
20180924 2
20180924 0
20180924 0
20180925 0
20180925 0
20180925 0
20180925 0
20180925 0
20180925 0
20180925 0
20180925 0
20180925 0
20180925 0
20180925 2
20180925 2
20180925 2
20180925 2
20180925 2
20180926 2
20180926 2
20180926 0
20180926 0
20180926 0
20180926 0
20180926 0
20180926 0
20180926 0
20180927 2
20180929 0
20180929 2
20180929 0
20180930 0
20180930 0
20180930 2
20180930 2
20180930 2
20180930 2
20181001 0
20181001 0
20181001 0
20181001 0
20181001 2
20181002 0
20181002 0
20181002 0
20181002 0
20181002 0
20181002 0
20181002 0
20181002 0
20181002 2
20181002 0
20181003 0
20181003 0
20181003 0
20181003 0
20181003 0
20181003 2
20181003 2
20181003 2
20181003 0
20181003 0
20181003 0
20181003 0
20181003 0
20181003 0
20181003 0
20181004 2
20181004 0
20181004 2
20181004 0
20181004 0
20181004 2
20181004 0
20181004 0
20181004 2
20181004 0
20181004 0
20181005 0
20181005 0
20181005 0
20181005 0
20181005 0
20181006 0
20181006 0
20181006 0
20181006 0
20181006 2
20181007 0
20181007 0
20181007 0
20181007 0
20181008 0
20181008 0
20181008 0
20181008 0
20181008 0
20181008 2
20181008 2
20181008 0
20181009 0
20181009 2
20181009 0
20181009 0
20181009 2
20181009 2
20181009 0
20181009 0
20181009 0
20181009 2
20181009 0
20181010 0
20181010 0
20181010 0
20181010 0
20181010 2
20181010 0
20181010 0
20181010 0
20181011 0
20181011 0
20181011 0
20181011 0
20181011 2
20181011 0
20181011 0
20181011 0
20181012 0
20181012 0
20181012 0
20181012 0
20181012 0
20181012 0
20181012 0
20181012 0
20181012 0
20181012 0
20181012 0
20181013 0
20181013 0
20181013 0
20181013 0
20181013 0
20181013 2
20181013 0
20181013 0
20181013 0
20181013 0
20181014 0
20181014 0
20181014 0
20181014 0
20181014 0
20181014 0
20181014 0
20181014 0
20181014 0
20181015 0
20181015 0
20181015 2
20181015 1
20181015 0
20181015 0
20181015 0
20181016 0
20181016 2
20181016 2
20181016 0
20181016 2
20181016 2
20181016 2
20181016 2
20181016 0
20181016 2
20181016 2
20181016 2
20181016 0
20181016 2
20181016 2
20181016 0
20181016 0
20181017 2
20181017 0
20181017 0
20181017 0
20181017 2
20181017 0
20181017 0
20181017 0
20181017 0
20181017 2
20181017 2
20181017 0
20181017 2
20181017 0
20181017 0
20181017 0
20181017 0
20181017 2
20181017 0
20181017 0
20181018 2
20181018 2
20181018 2
20181018 2
20181018 0
20181018 2
20181018 2
20181018 0
20181018 0
20181018 2
20181018 2
20181018 0
20181018 0
20181018 0
20181019 0
20181019 0
20181019 0
20181019 2
20181019 0
20181019 0
20181019 0
20181019 0
20181019 0
20181019 0
20181019 0
20181020 0
20181020 0
20181020 0
20181020 0
20181020 0
20181020 0
20181020 0
20181020 0
20181020 0
20181020 0
20181020 0
20181020 0
20181021 0
20181021 0
20181021 2
20181021 0
20181021 0
20181021 2
20181022 0
20181022 0
20181022 2
20181022 2
20181022 2
20181022 0
20181022 2
20181022 0
20181022 2
20181022 0
20181022 0
20181022 0
20181022 0
20181022 0
20181023 0
20181023 2
20181023 2
20181023 2
20181023 2
20181023 2
20181023 0
20181023 0
20181023 2
20181023 0
20181023 0
20181023 0
20181023 0
20181023 0
20181024 0
20181024 0
20181024 0
20181024 2
20181024 0
20181024 0
20181024 0
20181025 0
20181025 2
20181025 2
20181025 0
20181025 0
20181025 2
20181025 0
20181025 0
20181025 2
20181025 0
20181025 0
20181025 0
20181025 0
20181025 0
20181025 0
20181025 2
20181025 2
20181025 2
20181026 2
20181026 2
20181026 2
20181026 2
20181026 2
20181026 2
20181026 2
20181026 0
20181026 2
20181026 0
20181026 0
20181027 0
20181027 2
20181027 0
20181027 0
20181027 0
20181027 0
20181027 0
20181027 0
20181027 2
20181027 2
20181027 2
20181027 0
20181027 2
20181028 0
20181028 0
20181028 2
20181028 2
20181029 2
20181029 2
20181029 0
20181029 0
20181029 2
20181029 0
20181029 0
20181030 2
20181030 0
20181030 0
20181030 0
20181030 0
20181030 0
20181030 0
20181030 0
20181030 0
20181030 0
20181030 2
20181030 0
20181030 0
20181030 0
20181030 0
20181030 2
20181030 2
20181030 2
20181030 2
20181030 0
20181030 2
20181030 0
20181031 0
20181031 2
20181031 0
20181031 0
20181031 0
20181031 2
20181031 2
20181031 0
20181031 0
20181031 0
20181031 2
20181031 0
20181031 0
20181031 0
20181031 0
20181101 0
20181101 0
20181101 0
20181101 0
20181101 0
20181101 0
20181101 0
20181101 2
20181101 0
20181101 0
20181102 0
20181102 0
20181102 0
20181102 0
20181102 0
20181102 0
20181102 0
20181102 0
20181102 0
20181102 0
20181103 0
20181103 2
20181103 0
20181103 0
20181103 0
20181103 0
20181103 0
20181103 0
20181103 0
20181103 0
20181103 0
20181103 2
20181103 2
20181103 2
20181103 0
20181103 2
20181103 0
20181103 0
20181103 0
20181103 0
20181104 0
20181104 0
20181104 0
20181104 0
